
cbind(xe, lower, upper)

               xe                           
  [1,] 0.04998958 -4.635521367 -2.0433516147
  [2,] 0.05145889 -4.601359787 -2.0334021229
  [3,] 0.05292819 -4.567213939 -2.0234368975
  [4,] 0.05439750 -4.533084279 -2.0134554855
  [5,] 0.05586680 -4.498971275 -2.0034574171
  [6,] 0.05733611 -4.464875415 -1.9934422046
  [7,] 0.05880541 -4.430797205 -1.9834093421
  [8,] 0.06027472 -4.396737170 -1.9733583040
  [9,] 0.06174402 -4.362695857 -1.9632885449
 [10,] 0.06321333 -4.328673832 -1.9531994980
 [11,] 0.06468263 -4.294671683 -1.9430905744
 [12,] 0.06615194 -4.260690023 -1.9329611619
 [13,] 0.06762124 -4.226729488 -1.9228106242
 [14,] 0.06909055 -4.192790740 -1.9126382996
 [15,] 0.07055985 -4.158874467 -1.9024434996
 [16,] 0.07202916 -4.124981387 -1.8922255079
 [17,] 0.07349846 -4.091112243 -1.8819835788
 [18,] 0.07496777 -4.057267814 -1.8717169360
 [19,] 0.07643708 -4.023448906 -1.8614247709
 [20,] 0.07790638 -3.989656363 -1.8511062413
 [21,] 0.07937569 -3.955891063 -1.8407604693
 [22,] 0.08084499 -3.922153920 -1.8303865398
 [23,] 0.08231430 -3.888446347 -1.8199836126
 [24,] 0.08378360 -3.854771590 -1.8095512584
 [25,] 0.08525291 -3.821133363 -1.7990891325
 [26,] 0.08672221 -3.787535401 -1.7885968654
 [27,] 0.08819152 -3.753981467 -1.7780740628
 [28,] 0.08966082 -3.720475349 -1.7675203045
 [29,] 0.09113013 -3.687020860 -1.7569351434
 [30,] 0.09259943 -3.653621844 -1.7463181049
 [31,] 0.09406874 -3.620282170 -1.7356686863
 [32,] 0.09553804 -3.587005739 -1.7249863554
 [33,] 0.09700735 -3.553796480 -1.7142705502
 [34,] 0.09847665 -3.520658353 -1.7035206778
 [35,] 0.09994596 -3.487595350 -1.6927361136
 [36,] 0.10141526 -3.454611497 -1.6819162003
 [37,] 0.10288457 -3.421710851 -1.6710602474
 [38,] 0.10435388 -3.388897504 -1.6601675302
 [39,] 0.10582318 -3.356175585 -1.6492372889
 [40,] 0.10729249 -3.323549256 -1.6382687278
 [41,] 0.10876179 -3.291022717 -1.6272610149
 [42,] 0.11023110 -3.258600205 -1.6162132807
 [43,] 0.11170040 -3.226285994 -1.6051246178
 [44,] 0.11316971 -3.194084399 -1.5939940803
 [45,] 0.11463901 -3.161999771 -1.5828206833
 [46,] 0.11610832 -3.130036504 -1.5716034020
 [47,] 0.11757762 -3.098199028 -1.5603411720
 [48,] 0.11904693 -3.066491818 -1.5490328885
 [49,] 0.12051623 -3.034919384 -1.5376774064
 [50,] 0.12198554 -3.003486280 -1.5262735403
 [51,] 0.12345484 -2.972197099 -1.5148200645
 [52,] 0.12492415 -2.941056475 -1.5033157137
 [53,] 0.12639345 -2.910069078 -1.4917591831
 [54,] 0.12786276 -2.879239622 -1.4801491296
 [55,] 0.12933206 -2.848572852 -1.4684841723
 [56,] 0.13080137 -2.818073555 -1.4567628947
 [57,] 0.13227067 -2.787746548 -1.4449838453
 [58,] 0.13373998 -2.757596683 -1.4331455403
 [59,] 0.13520929 -2.727628842 -1.4212464659
 [60,] 0.13667859 -2.697847933 -1.4092850807
 [61,] 0.13814790 -2.668258889 -1.3972598193
 [62,] 0.13961720 -2.638866664 -1.3851690959
 [63,] 0.14108651 -2.609676227 -1.3730113083
 [64,] 0.14255581 -2.580692560 -1.3607848433
 [65,] 0.14402512 -2.551920649 -1.3484880813
 [66,] 0.14549442 -2.523365481 -1.3361194031
 [67,] 0.14696373 -2.495032037 -1.3236771961
 [68,] 0.14843303 -2.466925281 -1.3111598617
 [69,] 0.14990234 -2.439050159 -1.2985658239
 [70,] 0.15137164 -2.411411583 -1.2858935375
 [71,] 0.15284095 -2.384014424 -1.2731414984
 [72,] 0.15431025 -2.356863503 -1.2603082534
 [73,] 0.15577956 -2.329963578 -1.2473924118
 [74,] 0.15724886 -2.303319334 -1.2343926574
 [75,] 0.15871817 -2.276935367 -1.2213077607
 [76,] 0.16018747 -2.250816173 -1.2081365930
 [77,] 0.16165678 -2.224966135 -1.1948781400
 [78,] 0.16312609 -2.199389505 -1.1815315168
 [79,] 0.16459539 -2.174090390 -1.1680959827
 [80,] 0.16606470 -2.149072740 -1.1545709574
 [81,] 0.16753400 -2.124340325 -1.1409560369
 [82,] 0.16900331 -2.099896725 -1.1272510094
 [83,] 0.17047261 -2.075745310 -1.1134558718
 [84,] 0.17194192 -2.051889227 -1.0995708458
 [85,] 0.17341122 -2.028331379 -1.0855963940
 [86,] 0.17488053 -2.005074417 -1.0715332351
 [87,] 0.17634983 -1.982120718 -1.0573823588
 [88,] 0.17781914 -1.959472375 -1.0431450400
 [89,] 0.17928844 -1.937131183 -1.0288228511
 [90,] 0.18075775 -1.915098626 -1.0144176746
 [91,] 0.18222705 -1.893375871 -0.9999317125
 [92,] 0.18369636 -1.871963754 -0.9853674953
 [93,] 0.18516566 -1.850862777 -0.9707278891
 [94,] 0.18663497 -1.830073102 -0.9560161001
 [95,] 0.18810427 -1.809594546 -0.9412356777
 [96,] 0.18957358 -1.789426584 -0.9263905153
 [97,] 0.19104288 -1.769568347 -0.9114848486
 [98,] 0.19251219 -1.750018628 -0.8965232525
 [99,] 0.19398150 -1.730775887 -0.8815106345
[100,] 0.19545080 -1.711838260 -0.8664522272
[101,] 0.19692011 -1.693203566 -0.8513535778
[102,] 0.19838941 -1.674869323 -0.8362205364
[103,] 0.19985872 -1.656832760 -0.8210592413
[104,] 0.20132802 -1.639090833 -0.8058761042
[105,] 0.20279733 -1.621640243 -0.7906777924
[106,] 0.20426663 -1.604477451 -0.7754712107
[107,] 0.20573594 -1.587598704 -0.7602634817
[108,] 0.20720524 -1.571000048 -0.7450619258
[109,] 0.20867455 -1.554677353 -0.7298740400
[110,] 0.21014385 -1.538626336 -0.7147074768
[111,] 0.21161316 -1.522842576 -0.6995700227
[112,] 0.21308246 -1.507321542 -0.6844695770
[113,] 0.21455177 -1.492058612 -0.6694141304
[114,] 0.21602107 -1.477049090 -0.6544117447
[115,] 0.21749038 -1.462288231 -0.6394705327
[116,] 0.21895968 -1.447771259 -0.6245986388
[117,] 0.22042899 -1.433493384 -0.6098042207
[118,] 0.22189830 -1.419449819 -0.5950954319
[119,] 0.22336760 -1.405635800 -0.5804804053
[120,] 0.22483691 -1.392046596 -0.5659672378
[121,] 0.22630621 -1.378677529 -0.5515639762
[122,] 0.22777552 -1.365523982 -0.5372786042
[123,] 0.22924482 -1.352581415 -0.5231190301
[124,] 0.23071413 -1.339845373 -0.5090930766
[125,] 0.23218343 -1.327311496 -0.4952084705
[126,] 0.23365274 -1.314975529 -0.4814728344
[127,] 0.23512204 -1.302833330 -0.4678936790
[128,] 0.23659135 -1.290880873 -0.4544783963
[129,] 0.23806065 -1.279114259 -0.4412342540
[130,] 0.23952996 -1.267529716 -0.4281683903
[131,] 0.24099926 -1.256123609 -0.4152878101
[132,] 0.24246857 -1.244892436 -0.4025993809
[133,] 0.24393787 -1.233832837 -0.3901098307
[134,] 0.24540718 -1.222941594 -0.3778257450
[135,] 0.24687648 -1.212215634 -0.3657535655
[136,] 0.24834579 -1.201652027 -0.3538995884
[137,] 0.24981509 -1.191247991 -0.3422699636
[138,] 0.25128440 -1.181000891 -0.3308706938
[139,] 0.25275371 -1.170908239 -0.3197076343
[140,] 0.25422301 -1.160967695 -0.3087864926
[141,] 0.25569232 -1.151177068 -0.2981128283
[142,] 0.25716162 -1.141534313 -0.2876920529
[143,] 0.25863093 -1.132037535 -0.2775294302
[144,] 0.26010023 -1.122684984 -0.2676300758
[145,] 0.26156954 -1.113475061 -0.2579989578
[146,] 0.26303884 -1.104406313 -0.2486408956
[147,] 0.26450815 -1.095477437 -0.2395605609
[148,] 0.26597745 -1.086687277 -0.2307624747
[149,] 0.26744676 -1.078034444 -0.2222494987
[150,] 0.26891606 -1.069516606 -0.2140199945
[151,] 0.27038537 -1.061131398 -0.2060713833
[152,] 0.27185467 -1.052876615 -0.1984009285
[153,] 0.27332398 -1.044750198 -0.1910057429
[154,] 0.27479328 -1.036750237 -0.1838827962
[155,] 0.27626259 -1.028874953 -0.1770289213
[156,] 0.27773189 -1.021122703 -0.1704408208
[157,] 0.27920120 -1.013491964 -0.1641150722
[158,] 0.28067051 -1.005981335 -0.1580481340
[159,] 0.28213981 -0.998589528 -0.1522363502
[160,] 0.28360912 -0.991315366 -0.1466759554
[161,] 0.28507842 -0.984157776 -0.1413630792
[162,] 0.28654773 -0.977115785 -0.1362937501
[163,] 0.28801703 -0.970188520 -0.1314638999
[164,] 0.28948634 -0.963375198 -0.1268693669
[165,] 0.29095564 -0.956675127 -0.1225058997
[166,] 0.29242495 -0.950087702 -0.1183691603
[167,] 0.29389425 -0.943612401 -0.1144547275
[168,] 0.29536356 -0.937248783 -0.1107580992
[169,] 0.29683286 -0.930996483 -0.1072746963
[170,] 0.29830217 -0.924855213 -0.1039998642
[171,] 0.29977147 -0.918824757 -0.1009288763
[172,] 0.30124078 -0.912904966 -0.0980569363
[173,] 0.30271008 -0.907095762 -0.0953791803
[174,] 0.30417939 -0.901397130 -0.0928906800
[175,] 0.30564869 -0.895809117 -0.0905864441
[176,] 0.30711800 -0.890331831 -0.0884614217
[177,] 0.30858730 -0.884965439 -0.0865105041
[178,] 0.31005661 -0.879710159 -0.0847285273
[179,] 0.31152592 -0.874566266 -0.0831102748
[180,] 0.31299522 -0.869534084 -0.0816504798
[181,] 0.31446453 -0.864613982 -0.0803438281
[182,] 0.31593383 -0.859806376 -0.0791849607
[183,] 0.31740314 -0.855111725 -0.0781684767
[184,] 0.31887244 -0.850530525 -0.0772889364
[185,] 0.32034175 -0.846063308 -0.0765408641
[186,] 0.32181105 -0.841710638 -0.0759187523
[187,] 0.32328036 -0.837473108 -0.0754170640
[188,] 0.32474966 -0.833351338 -0.0750302377
[189,] 0.32621897 -0.829345967 -0.0747526903
[190,] 0.32768827 -0.825457651 -0.0745788223
[191,] 0.32915758 -0.821687059 -0.0745030212
[192,] 0.33062688 -0.818034868 -0.0745196673
[193,] 0.33209619 -0.814501756 -0.0746231378
[194,] 0.33356549 -0.811088402 -0.0748078129
[195,] 0.33503480 -0.807795473 -0.0750680805
[196,] 0.33650410 -0.804623624 -0.0753983430
[197,] 0.33797341 -0.801573489 -0.0757930226
[198,] 0.33944272 -0.798645676 -0.0762465685
[199,] 0.34091202 -0.795840759 -0.0767534630
[200,] 0.34238133 -0.793159272 -0.0773082289
[201,] 0.34385063 -0.790601701 -0.0779054368
[202,] 0.34531994 -0.788168477 -0.0785397121
[203,] 0.34678924 -0.785859969 -0.0792057433
[204,] 0.34825855 -0.783676475 -0.0798982894
[205,] 0.34972785 -0.781618212 -0.0806121882
[206,] 0.35119716 -0.779685314 -0.0813423643
[207,] 0.35266646 -0.777877818 -0.0820838371
[208,] 0.35413577 -0.776195657 -0.0828317295
[209,] 0.35560507 -0.774638654 -0.0835812755
[210,] 0.35707438 -0.773206512 -0.0843278286
[211,] 0.35854368 -0.771898807 -0.0850668693
[212,] 0.36001299 -0.770714982 -0.0857940132
[213,] 0.36148229 -0.769654333 -0.0865050183
[214,] 0.36295160 -0.768716011 -0.0871957919
[215,] 0.36442090 -0.767899010 -0.0878623971
[216,] 0.36589021 -0.767202160 -0.0885010593
[217,] 0.36735952 -0.766624124 -0.0891081718
[218,] 0.36882882 -0.766163395 -0.0896803006
[219,] 0.37029813 -0.765818285 -0.0902141888
[220,] 0.37176743 -0.765586926 -0.0907067609
[221,] 0.37323674 -0.765467267 -0.0911551250
[222,] 0.37470604 -0.765457070 -0.0915565756
[223,] 0.37617535 -0.765553910 -0.0919085950
[224,] 0.37764465 -0.765755173 -0.0922088537
[225,] 0.37911396 -0.766058056 -0.0924552107
[226,] 0.38058326 -0.766459570 -0.0926457122
[227,] 0.38205257 -0.766956540 -0.0927785899
[228,] 0.38352187 -0.767545608 -0.0928522589
[229,] 0.38499118 -0.768223235 -0.0928653140
[230,] 0.38646048 -0.768985708 -0.0928165261
[231,] 0.38792979 -0.769829140 -0.0927048372
[232,] 0.38939909 -0.770749481 -0.0925293555
[233,] 0.39086840 -0.771742518 -0.0922893495
[234,] 0.39233770 -0.772803887 -0.0919842416
[235,] 0.39380701 -0.773929073 -0.0916136012
[236,] 0.39527631 -0.775113425 -0.0911771379
[237,] 0.39674562 -0.776352157 -0.0906746938
[238,] 0.39821493 -0.777640359 -0.0901062358
[239,] 0.39968423 -0.778973003 -0.0894718474
[240,] 0.40115354 -0.780344955 -0.0887717210
[241,] 0.40262284 -0.781750977 -0.0880061498
[242,] 0.40409215 -0.783185742 -0.0871755190
[243,] 0.40556145 -0.784643835 -0.0862802986
[244,] 0.40703076 -0.786119769 -0.0853210343
[245,] 0.40850006 -0.787607984 -0.0842983405
[246,] 0.40996937 -0.789102864 -0.0832128921
[247,] 0.41143867 -0.790598736 -0.0820654166
[248,] 0.41290798 -0.792089885 -0.0808566877
[249,] 0.41437728 -0.793570555 -0.0795875170
[250,] 0.41584659 -0.795034959 -0.0782587482
[251,] 0.41731589 -0.796477286 -0.0768712501
[252,] 0.41878520 -0.797891703 -0.0754259101
[253,] 0.42025450 -0.799272369 -0.0739236289
[254,] 0.42172381 -0.800613430 -0.0723653143
[255,] 0.42319311 -0.801909035 -0.0707518761
[256,] 0.42466242 -0.803153333 -0.0690842210
[257,] 0.42613173 -0.804340482 -0.0673632479
[258,] 0.42760103 -0.805464652 -0.0655898432
[259,] 0.42907034 -0.806520030 -0.0637648770
[260,] 0.43053964 -0.807500823 -0.0618891990
[261,] 0.43200895 -0.808401263 -0.0599636345
[262,] 0.43347825 -0.809215607 -0.0579889814
[263,] 0.43494756 -0.809938146 -0.0559660068
[264,] 0.43641686 -0.810563204 -0.0538954437
[265,] 0.43788617 -0.811085140 -0.0517779885
[266,] 0.43935547 -0.811498354 -0.0496142981
[267,] 0.44082478 -0.811797289 -0.0474049873
[268,] 0.44229408 -0.811976431 -0.0451506264
[269,] 0.44376339 -0.812030312 -0.0428517388
[270,] 0.44523269 -0.811953516 -0.0405087989
[271,] 0.44670200 -0.811740676 -0.0381222297
[272,] 0.44817130 -0.811386480 -0.0356924006
[273,] 0.44964061 -0.810885669 -0.0332196255
[274,] 0.45110991 -0.810233045 -0.0307041605
[275,] 0.45257922 -0.809423468 -0.0281462017
[276,] 0.45404852 -0.808451862 -0.0255458833
[277,] 0.45551783 -0.807313212 -0.0229032748
[278,] 0.45698714 -0.806002573 -0.0202183793
[279,] 0.45845644 -0.804515067 -0.0174911306
[280,] 0.45992575 -0.802845889 -0.0147213911
[281,] 0.46139505 -0.800990308 -0.0119089485
[282,] 0.46286436 -0.798943669 -0.0090535136
[283,] 0.46433366 -0.796701472 -0.0061547252
[284,] 0.46580297 -0.794261893 -0.0032124377
[285,] 0.46727227 -0.791626442 -0.0002267815
[286,] 0.46874158 -0.788796936  0.0028021910
[287,] 0.47021088 -0.785775289  0.0058745254
[288,] 0.47168019 -0.782563507  0.0089903599
[289,] 0.47314949 -0.779163687  0.0121499219
[290,] 0.47461880 -0.775578010  0.0153535235
[291,] 0.47608810 -0.771808736  0.0186015583
[292,] 0.47755741 -0.767858208  0.0218944977
[293,] 0.47902671 -0.763728839  0.0252328881
[294,] 0.48049602 -0.759423116  0.0286173479
[295,] 0.48196532 -0.754943596  0.0320485645
[296,] 0.48343463 -0.750292901  0.0355272922
[297,] 0.48490394 -0.745473718  0.0390543494
[298,] 0.48637324 -0.740488797  0.0426306169
[299,] 0.48784255 -0.735340947  0.0462570351
[300,] 0.48931185 -0.730033035  0.0499346027
[301,] 0.49078116 -0.724567984  0.0536643743
[302,] 0.49225046 -0.718948771  0.0574474588
[303,] 0.49371977 -0.713178427  0.0612850175
[304,] 0.49518907 -0.707260033  0.0651782629
[305,] 0.49665838 -0.701196718  0.0691284563
[306,] 0.49812768 -0.694991660  0.0731369068
[307,] 0.49959699 -0.688648083  0.0772049694
[308,] 0.50106629 -0.682169255  0.0813340433
[309,] 0.50253560 -0.675558486  0.0855255709
[310,] 0.50400490 -0.668819128  0.0897810353
[311,] 0.50547421 -0.661954573  0.0941019594
[312,] 0.50694351 -0.654968249  0.0984899035
[313,] 0.50841282 -0.647863623  0.1029464642
[314,] 0.50988212 -0.640644192  0.1074732721
[315,] 0.51135143 -0.633313488  0.1120719899
[316,] 0.51282073 -0.625875073  0.1167443106
[317,] 0.51429004 -0.618332537  0.1214919551
[318,] 0.51575935 -0.610689494  0.1263166700
[319,] 0.51722865 -0.602949582  0.1312202252
[320,] 0.51869796 -0.595116462  0.1362044113
[321,] 0.52016726 -0.587193811  0.1412710370
[322,] 0.52163657 -0.579185320  0.1464219258
[323,] 0.52310587 -0.571094693  0.1516589136
[324,] 0.52457518 -0.562925645  0.1569838447
[325,] 0.52604448 -0.554681893  0.1623985689
[326,] 0.52751379 -0.546367157  0.1679049374
[327,] 0.52898309 -0.537985155  0.1735047993
[328,] 0.53045240 -0.529539597  0.1791999971
[329,] 0.53192170 -0.521034185  0.1849923628
[330,] 0.53339101 -0.512472603  0.1908837129
[331,] 0.53486031 -0.503858517  0.1968758441
[332,] 0.53632962 -0.495195567  0.2029705282
[333,] 0.53779892 -0.486487364  0.2091695065
[334,] 0.53926823 -0.477737481  0.2154744853
[335,] 0.54073753 -0.468949452  0.2218871298
[336,] 0.54220684 -0.460126766  0.2284090582
[337,] 0.54367615 -0.451272855  0.2350418367
[338,] 0.54514545 -0.442391097  0.2417869727
[339,] 0.54661476 -0.433484802  0.2486459091
[340,] 0.54808406 -0.424557212  0.2556200184
[341,] 0.54955337 -0.415611491  0.2627105961
[342,] 0.55102267 -0.406650721  0.2699188548
[343,] 0.55249198 -0.397677892  0.2772459184
[344,] 0.55396128 -0.388695903  0.2846928152
[345,] 0.55543059 -0.379707550  0.2922604729
[346,] 0.55689989 -0.370715522  0.2999497123
[347,] 0.55836920 -0.361722396  0.3077612419
[348,] 0.55983850 -0.352730632  0.3156956526
[349,] 0.56130781 -0.343742566  0.3237534125
[350,] 0.56277711 -0.334760408  0.3319348624
[351,] 0.56424642 -0.325786235  0.3402402116
[352,] 0.56571572 -0.316821990  0.3486695333
[353,] 0.56718503 -0.307869476  0.3572227622
[354,] 0.56865433 -0.298930352  0.3658996903
[355,] 0.57012364 -0.290006137  0.3746999655
[356,] 0.57159294 -0.281098199  0.3836230889
[357,] 0.57306225 -0.272207760  0.3926684135
[358,] 0.57453156 -0.263335893  0.4018351438
[359,] 0.57600086 -0.254483522  0.4111223348
[360,] 0.57747017 -0.245651421  0.4205288930
[361,] 0.57893947 -0.236840218  0.4300535767
[362,] 0.58040878 -0.228050393  0.4396949976
[363,] 0.58187808 -0.219282282  0.4494516230
[364,] 0.58334739 -0.210536078  0.4593217779
[365,] 0.58481669 -0.201811837  0.4693036481
[366,] 0.58628600 -0.193109475  0.4793952840
[367,] 0.58775530 -0.184428782  0.4895946039
[368,] 0.58922461 -0.175769415  0.4998993987
[369,] 0.59069391 -0.167130913  0.5103073368
[370,] 0.59216322 -0.158512694  0.5208159685
[371,] 0.59363252 -0.149914064  0.5314227315
[372,] 0.59510183 -0.141334223  0.5421249569
[373,] 0.59657113 -0.132772269  0.5529198742
[374,] 0.59804044 -0.124227205  0.5638046177
[375,] 0.59950974 -0.115697944  0.5747762321
[376,] 0.60097905 -0.107183316  0.5858316790
[377,] 0.60244836 -0.098682075  0.5969678427
[378,] 0.60391766 -0.090192902  0.6081815362
[379,] 0.60538697 -0.081714413  0.6194695077
[380,] 0.60685627 -0.073245167  0.6308284462
[381,] 0.60832558 -0.064783667  0.6422549874
[382,] 0.60979488 -0.056328370  0.6537457199
[383,] 0.61126419 -0.047877693  0.6652971904
[384,] 0.61273349 -0.039430014  0.6769059093
[385,] 0.61420280 -0.030983681  0.6885683562
[386,] 0.61567210 -0.022537016  0.7002809849
[387,] 0.61714141 -0.014088321  0.7120402281
[388,] 0.61861071 -0.005635882  0.7238425026
[389,] 0.62008002  0.002822029  0.7356842133
[390,] 0.62154932  0.011287145  0.7475617579
[391,] 0.62301863  0.019761203  0.7594715309
[392,] 0.62448793  0.028245940  0.7714099272
[393,] 0.62595724  0.036743087  0.7833733461
[394,] 0.62742654  0.045254369  0.7953581945
[395,] 0.62889585  0.053781499  0.8073608907
[396,] 0.63036516  0.062326177  0.8193778666
[397,] 0.63183446  0.070890085  0.8314055715
[398,] 0.63330377  0.079474885  0.8434404743
[399,] 0.63477307  0.088082218  0.8554790661
[400,] 0.63624238  0.096713699  0.8675178630
[401,] 0.63771168  0.105370917  0.8795534080
[402,] 0.63918099  0.114055430  0.8915822734
[403,] 0.64065029  0.122768766  0.9036010627
[404,] 0.64211960  0.131512421  0.9156064125
[405,] 0.64358890  0.140287853  0.9275949948
[406,] 0.64505821  0.149096486  0.9395635181
[407,] 0.64652751  0.157939703  0.9515087298
[408,] 0.64799682  0.166818850  0.9634274173
[409,] 0.64946612  0.175735227  0.9753164099
[410,] 0.65093543  0.184690093  0.9871725804
[411,] 0.65240473  0.193684662  0.9989928466
[412,] 0.65387404  0.202720102  1.0107741728
[413,] 0.65534334  0.211797530  1.0225135716
[414,] 0.65681265  0.220918016  1.0342081052
[415,] 0.65828195  0.230082579  1.0458548871
[416,] 0.65975126  0.239292182  1.0574510839
[417,] 0.66122057  0.248547737  1.0689939168
[418,] 0.66268987  0.257850096  1.0804806636
[419,] 0.66415918  0.267200055  1.0919086601
[420,] 0.66562848  0.276598350  1.1032753026
[421,] 0.66709779  0.286045654  1.1145780495
[422,] 0.66856709  0.295542574  1.1258144237
[423,] 0.67003640  0.305089653  1.1369820145
[424,] 0.67150570  0.314687365  1.1480784805
[425,] 0.67297501  0.324335989  1.1591019704
[426,] 0.67444431  0.334035181  1.1700526027
[427,] 0.67591362  0.343784359  1.1809311158
[428,] 0.67738292  0.353582852  1.1917383334
[429,] 0.67885223  0.363429909  1.2024751624
[430,] 0.68032153  0.373324696  1.2131425908
[431,] 0.68179084  0.383266300  1.2237416863
[432,] 0.68326014  0.393253729  1.2342735943
[433,] 0.68472945  0.403285917  1.2447395369
[434,] 0.68619875  0.413361721  1.2551408112
[435,] 0.68766806  0.423479924  1.2654787885
[436,] 0.68913737  0.433639236  1.2757549132
[437,] 0.69060667  0.443838295  1.2859707019
[438,] 0.69207598  0.454075668  1.2961277427
[439,] 0.69354528  0.464349851  1.3062276942
[440,] 0.69501459  0.474659269  1.3162722854
[441,] 0.69648389  0.485002277  1.3262633148
[442,] 0.69795320  0.495377164  1.3362026501
[443,] 0.69942250  0.505782147  1.3460922276
[444,] 0.70089181  0.516215377  1.3559340520
[445,] 0.70236111  0.526674933  1.3657301963
[446,] 0.70383042  0.537158832  1.3754828006
[447,] 0.70529972  0.547665020  1.3851940729
[448,] 0.70676903  0.558191376  1.3948662881
[449,] 0.70823833  0.568735713  1.4045017875
[450,] 0.70970764  0.579295778  1.4141029790
[451,] 0.71117694  0.589869253  1.4236723363
[452,] 0.71264625  0.600453752  1.4332123986
[453,] 0.71411555  0.611046825  1.4427257698
[454,] 0.71558486  0.621645961  1.4522151180
[455,] 0.71705416  0.632248580  1.4616831749
[456,] 0.71852347  0.642852044  1.4711327346
[457,] 0.71999278  0.653453652  1.4805666531
[458,] 0.72146208  0.664050641  1.4899878464
[459,] 0.72293139  0.674640191  1.4993992899
[460,] 0.72440069  0.685219424  1.5088040167
[461,] 0.72587000  0.695785405  1.5182051156
[462,] 0.72733930  0.706335145  1.5276057295
[463,] 0.72880861  0.716865605  1.5370090531
[464,] 0.73027791  0.727373696  1.5464183306
[465,] 0.73174722  0.737856279  1.5558368530
[466,] 0.73321652  0.748310176  1.5652679551
[467,] 0.73468583  0.758732165  1.5747150124
[468,] 0.73615513  0.769118989  1.5841814375
[469,] 0.73762444  0.779467355  1.5936706762
[470,] 0.73909374  0.789773944  1.6031862034
[471,] 0.74056305  0.800035411  1.6127315187
[472,] 0.74203235  0.810248390  1.6223101417
[473,] 0.74350166  0.820409502  1.6319256065
[474,] 0.74497096  0.830515359  1.6415814566
[475,] 0.74644027  0.840562567  1.6512812388
[476,] 0.74790958  0.850547736  1.6610284977
[477,] 0.74937888  0.860467487  1.6708267688
[478,] 0.75084819  0.870318452  1.6806795719
[479,] 0.75231749  0.880097291  1.6905904047
[480,] 0.75378680  0.889800688  1.7005627353
[481,] 0.75525610  0.899425367  1.7105999948
[482,] 0.75672541  0.908968096  1.7207055703
[483,] 0.75819471  0.918425694  1.7308827968
[484,] 0.75966402  0.927795040  1.7411349501
[485,] 0.76113332  0.937073079  1.7514652388
[486,] 0.76260263  0.946256834  1.7618767965
[487,] 0.76407193  0.955343407  1.7723726748
[488,] 0.76554124  0.964329990  1.7829558351
[489,] 0.76701054  0.973213874  1.7936291421
[490,] 0.76847985  0.981992454  1.8043953560
[491,] 0.76994915  0.990663233  1.8152571263
[492,] 0.77141846  0.999223835  1.8262169854
[493,] 0.77288776  1.007672005  1.8372773420
[494,] 0.77435707  1.016005617  1.8484404764
[495,] 0.77582637  1.024222680  1.8597085345
[496,] 0.77729568  1.032321341  1.8710835241
[497,] 0.77876499  1.040299890  1.8825673104
[498,] 0.78023429  1.048156760  1.8941616126
[499,] 0.78170360  1.055890537  1.9058680014
[500,] 0.78317290  1.063499955  1.9176878968
[501,] 0.78464221  1.070983901  1.9296225664
[502,] 0.78611151  1.078341414  1.9416731247
[503,] 0.78758082  1.085571689  1.9538405332
[504,] 0.78905012  1.092674070  1.9661256001
[505,] 0.79051943  1.099648057  1.9785289823
[506,] 0.79198873  1.106493296  1.9910511865
[507,] 0.79345804  1.113209584  2.0036925715
[508,] 0.79492734  1.119796861  2.0164533512
[509,] 0.79639665  1.126255209  2.0293335977
[510,] 0.79786595  1.132584849  2.0423332452
[511,] 0.79933526  1.138786135  2.0554520944
[512,] 0.80080456  1.144859550  2.0686898163
[513,] 0.80227387  1.150805702  2.0820459582
[514,] 0.80374317  1.156625317  2.0955199480
[515,] 0.80521248  1.162319236  2.1091110998
[516,] 0.80668179  1.167888406  2.1228186198
[517,] 0.80815109  1.173333879  2.1366416118
[518,] 0.80962040  1.178656802  2.1505790832
[519,] 0.81108970  1.183858413  2.1646299504
[520,] 0.81255901  1.188940035  2.1787930454
[521,] 0.81402831  1.193903069  2.1930671212
[522,] 0.81549762  1.198748989  2.2074508577
[523,] 0.81696692  1.203479338  2.2219428676
[524,] 0.81843623  1.208095719  2.2365417019
[525,] 0.81990553  1.212599792  2.2512458551
[526,] 0.82137484  1.216993268  2.2660537710
[527,] 0.82284414  1.221277904  2.2809638475
[528,] 0.82431345  1.225455496  2.2959744416
[529,] 0.82578275  1.229527880  2.3110838743
[530,] 0.82725206  1.233496919  2.3262904346
[531,] 0.82872136  1.237364507  2.3415923844
[532,] 0.83019067  1.241132561  2.3569879623
[533,] 0.83165997  1.244803014  2.3724753873
[534,] 0.83312928  1.248377819  2.3880528625
[535,] 0.83459859  1.251858940  2.4037185785
[536,] 0.83606789  1.255248350  2.4194707167
[537,] 0.83753720  1.258548028  2.4353074518
[538,] 0.83900650  1.261759958  2.4512269550
[539,] 0.84047581  1.264886125  2.4672273960
[540,] 0.84194511  1.267928513  2.4833069460
[541,] 0.84341442  1.270889101  2.4994637791
[542,] 0.84488372  1.273769865  2.5156960744
[543,] 0.84635303  1.276572774  2.5320020183
[544,] 0.84782233  1.279299786  2.5483798053
[545,] 0.84929164  1.281952853  2.5648276400
[546,] 0.85076094  1.284533914  2.5813437379
[547,] 0.85223025  1.287044893  2.5979263272
[548,] 0.85369955  1.289487706  2.6145736490
[549,] 0.85516886  1.291864251  2.6312839590
[550,] 0.85663816  1.294176412  2.6480555275
[551,] 0.85810747  1.296426058  2.6648866407
[552,] 0.85957677  1.298615040  2.6817756008
[553,] 0.86104608  1.300745195  2.6987207268
[554,] 0.86251538  1.302818340  2.7157203547
[555,] 0.86398469  1.304836278  2.7327728380
[556,] 0.86545400  1.306800791  2.7498765477
[557,] 0.86692330  1.308713645  2.7670298725
[558,] 0.86839261  1.310576589  2.7842312193
[559,] 0.86986191  1.312391351  2.8014790127
[560,] 0.87133122  1.314159644  2.8187716956
[561,] 0.87280052  1.315883162  2.8361077287
[562,] 0.87426983  1.317563579  2.8534855906
[563,] 0.87573913  1.319202556  2.8709037778
[564,] 0.87720844  1.320801731  2.8883608045
[565,] 0.87867774  1.322362727  2.9058552024
[566,] 0.88014705  1.323887151  2.9233855207
[567,] 0.88161635  1.325376590  2.9409503255
[568,] 0.88308566  1.326832615  2.9585482000
[569,] 0.88455496  1.328256782  2.9761777443
[570,] 0.88602427  1.329650578  2.9938376128
[571,] 0.88749357  1.331015071  3.0115267849
[572,] 0.88896288  1.332351106  3.0292444142
[573,] 0.89043218  1.333659500  3.0469896841
[574,] 0.89190149  1.334941042  3.0647618070
[575,] 0.89337080  1.336196491  3.0825600220
[576,] 0.89484010  1.337426583  3.1003835946
[577,] 0.89630941  1.338632026  3.1182318155
[578,] 0.89777871  1.339813506  3.1361039997
[579,] 0.89924802  1.340971685  3.1539994852
[580,] 0.90071732  1.342107202  3.1719176328
[581,] 0.90218663  1.343220675  3.1898578244
[582,] 0.90365593  1.344312700  3.2078194630
[583,] 0.90512524  1.345383856  3.2258019713
[584,] 0.90659454  1.346434701  3.2438047914
[585,] 0.90806385  1.347465773  3.2618273836
[586,] 0.90953315  1.348477595  3.2798692260
[587,] 0.91100246  1.349470671  3.2979298140
[588,] 0.91247176  1.350445490  3.3160086592
[589,] 0.91394107  1.351402525  3.3341052891
[590,] 0.91541037  1.352342232  3.3522192465
[591,] 0.91687968  1.353265054  3.3703500887
[592,] 0.91834898  1.354171420  3.3884973872
[593,] 0.91981829  1.355061744  3.4066607273
[594,] 0.92128759  1.355936429  3.4248397071
[595,] 0.92275690  1.356795863  3.4430339374
[596,] 0.92422621  1.357640423  3.4612430412
[597,] 0.92569551  1.358470475  3.4794666533
[598,] 0.92716482  1.359286374  3.4977044195
[599,] 0.92863412  1.360088461  3.5159559968
[600,] 0.93010343  1.360877069  3.5342210524
